
  -B- Array with mode:0(All numbers are created by random)

10000  0.539000
11000  0.663000
12000  0.784000
13000  0.902000
14000  1.048000
15000  1.191000
16000  1.348000
17000  1.533000
18000  1.719000
19000  1.903000
20000  2.103000
21000  2.344000
22000  2.568000
23000  2.782000
24000  3.103000
25000  3.303000
26000  3.590000
27000  3.891000
28000  4.160000
29000  4.437000
30000  4.768000

  -B- Array with mode:1(All numbers are created and already sorted)

10000  0.190000
11000  0.233000
12000  0.287000
13000  0.329000
14000  0.378000
15000  0.436000
16000  0.495000
17000  0.568000
18000  0.659000
19000  0.704000
20000  0.779000
21000  0.856000
22000  0.939000
23000  1.038000
24000  1.141000
25000  1.233000
26000  1.336000
27000  1.439000
28000  1.569000
29000  1.707000
30000  1.803000

  -B- Array with mode:2(All numbers can be only 0,1 or 2)

10000  0.458000
11000  0.559000
12000  0.670000
13000  0.786000
14000  0.908000
15000  1.068000
16000  1.258000
17000  1.435000
18000  1.529000
19000  1.724000
20000  2.050000
21000  2.281000
22000  2.474000
23000  2.687000
24000  2.960000
25000  3.153000
26000  3.449000
27000  4.693000
28000  4.801000
29000  4.496000
30000  5.491000
