
  -I- Array with mode:0(All numbers are created by random)

10000  0.125000
11000  0.143000
12000  0.174000
13000  0.202000
14000  0.230000
15000  0.299000
16000  0.295000
17000  0.360000
18000  0.425000
19000  0.552000
20000  0.601000
21000  0.644000
22000  0.742000
23000  0.816000
24000  0.859000
25000  0.968000
26000  0.967000
27000  0.911000
28000  1.260000
29000  1.687000
30000  1.328000

  -I- Array with mode:1(All numbers are created and already sorted)

10000  0.000000
11000  0.000000
12000  0.000000
13000  0.000000
14000  0.000000
15000  0.001000
16000  0.003000
17000  0.000000
18000  0.001000
19000  0.000000
20000  0.000000
21000  0.000000
22000  0.000000
23000  0.000000
24000  0.000000
25000  0.000000
26000  0.001000
27000  0.000000
28000  0.001000
29000  0.000000
30000  0.001000

  -I- Array with mode:2(All numbers can be only 0,1 or 2)

10000  0.242000
11000  0.150000
12000  0.136000
13000  0.149000
14000  0.180000
15000  0.194000
16000  0.224000
17000  0.235000
18000  0.266000
19000  0.303000
20000  0.332000
21000  0.368000
22000  0.391000
23000  0.439000
24000  0.484000
25000  0.518000
26000  0.538000
27000  0.608000
28000  0.655000
29000  0.683000
30000  0.735000
