
  -Q- Array with mode:0(All numbers are created by random)

10000  0.002000
11000  0.002000
12000  0.003000
13000  0.003000
14000  0.003000
15000  0.004000
16000  0.004000
17000  0.005000
18000  0.005000
19000  0.005000
20000  0.005000
21000  0.006000
22000  0.006000
23000  0.007000
24000  0.007000
25000  0.007000
26000  0.009000
27000  0.009000
28000  0.009000
29000  0.009000
30000  0.010000

  -Q- Array with mode:1(All numbers are created and already sorted)

10000  0.524000
11000  0.619000
12000  0.715000
13000  0.843000
14000  0.997000
15000  1.434000
16000  1.397000
17000  1.562000
18000  1.705000
19000  2.047000
20000  2.108000
21000  2.329000
22000  2.533000
23000  2.763000
24000  3.111000
25000  3.153000
26000  3.517000
27000  3.718000
28000  4.155000
29000  4.172000
30000  4.395000

  -Q- Array with mode:2(All numbers can be only 0,1 or 2)

10000  0.163000
11000  0.194000
12000  0.232000
13000  0.273000
14000  0.312000
15000  0.361000
16000  0.411000
17000  0.482000
18000  0.548000
19000  0.601000
20000  0.669000
21000  0.725000
22000  0.792000
23000  0.853000
24000  0.928000
25000  1.001000
26000  1.107000
27000  1.219000
28000  1.303000
29000  1.349000
30000  1.440000
