
  -SE- Array with mode:0(All numbers are created by random)

10000  0.214000
11000  0.251000
12000  0.290000
13000  0.387000
14000  0.431000
15000  0.462000
16000  0.513000
17000  0.746000
18000  0.924000
19000  0.747000
20000  0.789000
21000  0.883000
22000  0.991000
23000  1.096000
24000  1.209000
25000  1.333000
26000  1.557000
27000  1.592000
28000  1.798000
29000  1.852000
30000  1.929000

  -SE- Array with mode:1(All numbers are created and already sorted)

10000  0.217000
11000  0.291000
12000  0.388000
13000  0.394000
14000  0.438000
15000  0.466000
16000  0.573000
17000  0.629000
18000  0.697000
19000  0.777000
20000  0.799000
21000  0.881000
22000  0.959000
23000  1.048000
24000  1.175000
25000  1.298000
26000  1.779000
27000  1.515000
28000  1.550000
29000  1.715000
30000  1.791000

  -SE- Array with mode:2(All numbers can be only 0,1 or 2)

10000  0.201000
11000  0.251000
12000  0.293000
13000  0.347000
14000  0.398000
15000  0.469000
16000  0.566000
17000  0.697000
18000  0.747000
19000  0.757000
20000  0.818000
21000  0.988000
22000  0.984000
23000  1.067000
24000  1.192000
25000  1.224000
26000  1.375000
27000  1.435000
28000  1.542000
29000  1.647000
30000  1.823000
