
  -S- Array with mode:0(All numbers are created by random)

10000  0.002000
11000  0.003000
12000  0.003000
13000  0.003000
14000  0.003000
15000  0.004000
16000  0.005000
17000  0.004000
18000  0.005000
19000  0.006000
20000  0.006000
21000  0.007000
22000  0.007000
23000  0.006000
24000  0.007000
25000  0.008000
26000  0.008000
27000  0.008000
28000  0.008000
29000  0.009000
30000  0.009000

  -S- Array with mode:1(All numbers are created and already sorted)

10000  0.001000
11000  0.001000
12000  0.001000
13000  0.002000
14000  0.001000
15000  0.002000
16000  0.001000
17000  0.001000
18000  0.002000
19000  0.002000
20000  0.002000
21000  0.003000
22000  0.003000
23000  0.002000
24000  0.002000
25000  0.002000
26000  0.003000
27000  0.003000
28000  0.003000
29000  0.003000
30000  0.003000

  -S- Array with mode:2(All numbers can be only 0,1 or 2)

10000  0.002000
11000  0.001000
12000  0.002000
13000  0.001000
14000  0.002000
15000  0.002000
16000  0.002000
17000  0.002000
18000  0.003000
19000  0.003000
20000  0.002000
21000  0.004000
22000  0.004000
23000  0.003000
24000  0.003000
25000  0.003000
26000  0.003000
27000  0.004000
28000  0.004000
29000  0.003000
30000  0.004000
